本文件为线性约束
以下attr中的数字表示文件text中的列数-1，列表中最后一项为因变量y，下面一行依次为自变量前参数w，最后一行为偏置b
R-squared: 1.00
attr [6, 44]
[[16.]]
[0.77224]
R-squared: 1.00
attr [6, 35]
[[10.66666667]]
[25.24142667]
R-squared: 1.00
attr [6, 41]
[[5.33333333]]
[20.21981333]
R-squared: 1.00
attr [40, 61]
[[4.]]
[-72.7094]
R-squared: 1.00
attr [27, 35]
[[1.]]
[0.5445]
R-squared: 1.00
attr [6, 63]
[[10.66666667]]
[22.36482667]
R-squared: 1.00
attr [24, 72]
[[1.]]
[0.1037]
R-squared: 1.00
attr [29, 66]
[[0.5]]
[20.3893]
R-squared: 1.00
attr [63, 66]
[[1.]]
[-1.0361]
R-squared: 1.00
attr [4, 40]
[[4.]]
[3.27756]
R-squared: 1.00
attr [24, 61]
[[1.]]
[-0.8039]
R-squared: 1.00
attr [29, 35]
[[0.5]]
[24.302]
R-squared: 1.00
attr [65, 72]
[[2.]]
[-44.7184]
R-squared: 1.00
attr [24, 94, 95]
[[7.68990408e-04 1.00000000e+00]]
[-0.03458742]
R-squared: 1.00
attr [35, 62, 63]
[[0.00825038 0.00034092]]
[40.66194449]
R-squared: 1.00
attr [66, 69, 72]
[[0.21172869 0.02703159]]
[35.40164024]
R-squared: 1.00
attr [28, 61, 72]
[[0.0437949  0.05082982]]
[40.8435434]
R-squared: 1.00
attr [31, 46, 58, 66, 83]
[[3.41317414e-02 9.99457943e-01 8.31163333e-04 1.07784446e-02]]
[8.07059515]
